- id: 10.1109/OCIT65031.2024.00113
- id: 10.1109/ANTS63515.2024.10898488
- id: 10.1109/WCNC61545.2025.10978176